-23.554117707 -51.672518243 922.2432
-23.553738918 -51.672683423 923.0207
-23.553313228 -51.672538252 926.5653
-23.552887867 -51.672389217 927.4618
-23.552428783 -51.672333345 928.5472
-23.551991151 -51.672329708 932.4383
-23.551527378 -51.672353423 939.2999
-23.551050230 -51.672374328 949.5160
-23.550648709 -51.672392191 957.2350
-23.550203822 -51.672396080 962.7678
-23.549782980 -51.672385189 968.0205
-23.549355894 -51.672311892 968.7260
-23.549179743 -51.671900011 970.8092
-23.549347070 -51.671459144 970.1955
-23.549487311 -51.671015425 969.4805
-23.549570753 -51.670543279 968.1383
-23.549623141 -51.670092356 967.2942
-23.549668925 -51.669633504 970.5665
-23.549717651 -51.669164726 969.3306
-23.549763696 -51.668692381 964.2481
-23.549813673 -51.668198340 966.2506
-23.549856910 -51.667755541 970.5064
-23.549908444 -51.667282241 973.0171
-23.550019045 -51.666830275 969.8359
-23.550219284 -51.666397577 970.7385
-23.550403051 -51.665958905 970.9909
-23.550561105 -51.665525511 971.7549
-23.550695929 -51.665052947 965.6272
-23.551034567 -51.664758828 964.9619
-23.551425032 -51.664552763 965.7807
-23.551818846 -51.664338825 964.6410
-23.552205555 -51.664093730 965.3141
-23.552598341 -51.663857415 966.8865
-23.553025127 -51.663843456 969.4281
-23.553451904 -51.663873730 969.7759
-23.553913080 -51.663896395 970.9486
-23.554335994 -51.663910915 970.7786
-23.554769399 -51.663911176 970.1877
-23.555225590 -51.663895584 969.4404
-23.555658831 -51.663895530 970.9802
-23.556197819 -51.663902994 970.1180
-23.556557616 -51.663950238 968.7085
-23.556805816 -51.664361457 966.7716
-23.556718391 -51.664822228 965.0946
-23.556357504 -51.665098010 965.2447
-23.555896717 -51.665035085 965.6475
-23.555585279 -51.664743373 968.5917
-23.555248587 -51.664418416 969.1623
-23.554843850 -51.664224275 971.4521
-23.554415156 -51.664184606 973.2421
-23.553955896 -51.664186903 971.9370
-23.553478296 -51.664212134 969.5877
-23.553019086 -51.664248046 969.0774
-23.552595797 -51.664296239 968.4567
-23.552152194 -51.664439447 968.6654
-23.551808689 -51.664683636 967.4030
-23.551388965 -51.664984672 967.7459
-23.551029451 -51.665235923 968.8480
-23.550660397 -51.665544759 969.3861
-23.550492772 -51.665976932 969.7944
-23.550404179 -51.666450284 967.2591
-23.550305787 -51.666966359 967.2586
-23.550175334 -51.667418195 967.6585
-23.550113333 -51.667888774 967.3567
-23.550322249 -51.668279738 968.2053
-23.550736500 -51.668240209 969.1692
-23.550773144 -51.667736465 967.7938
-23.550698943 -51.667281904 965.5175
-23.550708385 -51.666794659 966.6378
-23.550885235 -51.666371018 970.9297
-23.551126454 -51.665953588 971.2384
-23.551372365 -51.665573202 970.0356
-23.551758886 -51.665343698 969.8592
-23.552139366 -51.665168247 969.8821
-23.552538958 -51.664986964 970.6437
-23.552932911 -51.664837110 970.9063
-23.553353633 -51.664804191 971.4521
-23.553809437 -51.664724312 969.7553
-23.554223386 -51.664655205 969.4243
-23.554685513 -51.664573373 966.8121
-23.555110764 -51.664488264 966.7829
-23.555560280 -51.664463214 969.6005
-23.555846410 -51.664783546 970.7598
-23.555860579 -51.665276392 966.5688
-23.555553664 -51.665628021 964.9924
-23.555123781 -51.665663211 964.9361
-23.554695276 -51.665566117 965.2617
-23.554275701 -51.665582031 967.5295
-23.553814173 -51.665676604 968.8994
-23.553434100 -51.665799395 970.3555
-23.552987799 -51.665954046 971.0849
-23.552595181 -51.666096574 970.5275
-23.552163050 -51.666254895 970.9079
-23.551709380 -51.666433501 971.0605
-23.551297942 -51.666585380 971.2030
-23.550868486 -51.666712411 969.1013
-23.550468559 -51.666527158 968.1484
-23.550398773 -51.666111788 967.1900
-23.550811313 -51.665941698 967.6246
-23.551240810 -51.665984778 969.5342
-23.551673672 -51.665944565 969.1120
-23.552088150 -51.665826482 966.6703
-23.552519836 -51.665705638 967.2925
-23.552954697 -51.665562547 966.8489
-23.553386073 -51.665441111 967.3675
-23.553787560 -51.665331279 969.2323
-23.554204743 -51.665216771 970.6129
-23.554617247 -51.665103519 970.3889
-23.555037360 -51.664935281 972.1930
-23.555427866 -51.664721789 969.1575
-23.555824367 -51.664500031 966.5809
-23.556213422 -51.664304698 966.9263
-23.556609487 -51.664127213 968.5288
-23.557014733 -51.663951831 969.4349
-23.557426068 -51.663754686 972.0271
-23.557827820 -51.663561491 971.6253
-23.558245421 -51.663373405 969.0495
-23.558649840 -51.663171404 967.9002
-23.559058504 -51.662972712 968.6218
-23.559484588 -51.662772774 967.6981
-23.559867459 -51.662580130 968.1286
-23.560253819 -51.662395557 969.3544
-23.560660789 -51.662208247 967.1889
-23.561006527 -51.661931360 967.6026
-23.561188103 -51.661493568 966.0514
-23.561350894 -51.661031763 965.5247
-23.561638943 -51.660689572 966.8410
-23.562076630 -51.660776013 968.0371
-23.562268526 -51.661206855 966.6289
-23.562088173 -51.661673554 966.0382
-23.561659819 -51.661902154 968.7860
-23.561274878 -51.662125677 968.0584
-23.560970600 -51.662444001 966.8413
-23.560534927 -51.662632181 967.9005
-23.560119741 -51.662784318 969.5217
-23.559728247 -51.662947877 970.5612
-23.559339882 -51.663110314 972.6390
-23.558946341 -51.663283246 972.6210
-23.558548676 -51.663480979 970.6321
-23.558110992 -51.663695621 969.3336
-23.557721573 -51.663883816 969.6413
-23.557318090 -51.664066877 969.0453
-23.556882132 -51.664290806 969.0470
-23.556500413 -51.664473014 972.9234
-23.556072298 -51.664657784 975.2545
-23.555672778 -51.664838584 974.9302
-23.555245872 -51.665028670 973.1287
-23.554797431 -51.665245312 968.5378
-23.554433633 -51.665442922 966.5500
-23.554033568 -51.665648404 966.9248
-23.553603527 -51.665837923 965.6744
-23.553205844 -51.665993809 965.5148
-23.552786292 -51.666164492 965.0825
-23.552351943 -51.666345508 966.1216
-23.551930607 -51.666530051 966.4845
-23.551475999 -51.666720858 967.1432
-23.551032712 -51.666912280 968.1613
-23.550641366 -51.667072984 968.4482
-23.550252721 -51.667231117 968.1100
-23.549909721 -51.667531689 968.2253
-23.549775146 -51.667981225 970.4135
-23.549851258 -51.668447899 969.2592
-23.549946740 -51.668948028 967.0987
-23.549950717 -51.669399498 969.0262
-23.549916763 -51.669890205 968.1141
-23.549853651 -51.670396878 966.4480
-23.549796438 -51.670858156 967.2387
-23.549733232 -51.671386162 967.3876
-23.549687051 -51.671817445 967.9986
-23.549620685 -51.672317782 970.1390
-23.549562752 -51.672791294 970.1895
-23.549521187 -51.673225385 969.4934
-23.549479144 -51.673682840 968.7506
-23.549431221 -51.674176243 967.3657
-23.549374116 -51.674678276 967.6110
-23.549330724 -51.675160207 969.3522
-23.549278184 -51.675620592 969.3733
-23.549226091 -51.676091627 967.7281
-23.549183081 -51.676551673 967.4487
-23.549116058 -51.677152547 967.7160
-23.549075634 -51.677522684 966.9935
-23.549023915 -51.678005401 966.3935
-23.548978605 -51.678478127 967.7599
-23.548929382 -51.678984823 971.1795
-23.548868460 -51.679469951 972.6985
-23.548802373 -51.679946748 974.8490
-23.548745029 -51.680478173 977.8123
-23.548690867 -51.680914721 979.6426
-23.548641440 -51.681385205 978.6910
-23.548594402 -51.681859783 972.5711
-23.548543273 -51.682318473 967.7758
-23.548509572 -51.682780495 966.6420
-23.548472112 -51.683267065 966.2112
-23.548439894 -51.683751465 964.2397
-23.548402037 -51.684238586 963.0158
-23.548352172 -51.684725918 964.2753
-23.548297764 -51.685203036 965.2618
-23.548242144 -51.685709201 966.5455
-23.548192978 -51.686200498 966.1030
-23.548145185 -51.686701787 965.5939
-23.548098929 -51.687187864 964.8808
-23.548055452 -51.687669839 964.8732
-23.548002670 -51.688132990 966.3693
-23.547939506 -51.688616550 967.7578
-23.547890156 -51.689110201 968.7749
-23.547791754 -51.689570164 970.2423
-23.547658977 -51.690035412 971.2394
-23.547545625 -51.690461018 972.1254
-23.547429618 -51.690937354 971.7640
-23.547322900 -51.691414107 972.8834
-23.547216710 -51.691868416 972.9121
-23.547121241 -51.692360571 969.4578
-23.547006830 -51.692800331 967.7043
-23.546804046 -51.693280114 963.1735
-23.546508347 -51.693793734 964.7086
-23.546333220 -51.694106494 965.0678
-23.546098759 -51.694538445 966.2884
-23.545861150 -51.694990197 966.9675
-23.545663448 -51.695406684 965.7019
-23.545452387 -51.695859657 966.3160
-23.545235420 -51.696275271 966.5088
-23.545000053 -51.696709597 967.4992
-23.544784319 -51.697141954 967.7456
-23.544561751 -51.697610534 967.1446
-23.544377004 -51.697987990 966.7120
-23.544149795 -51.698396104 966.9336
-23.543861761 -51.698744290 967.8455
-23.543565278 -51.699085891 967.2505
-23.543279491 -51.699431777 966.7769
-23.542986475 -51.699818122 967.6605
-23.542710743 -51.700176602 968.2536
-23.542412745 -51.700552582 969.2022
-23.542131182 -51.700905635 970.6490
-23.541837510 -51.701273335 970.5355
-23.541556591 -51.701627111 969.2575
-23.541283869 -51.701990154 968.8621
-23.541027833 -51.702347449 968.9319
-23.540733610 -51.702743617 968.3073
-23.540454075 -51.703124228 968.0869
-23.540159029 -51.703530881 968.0080
-23.539886107 -51.703907668 968.7177
-23.539573089 -51.704326705 968.4964
-23.539322752 -51.704663371 968.3368
-23.539046268 -51.705042131 968.5573
-23.538764270 -51.705429889 969.8523
-23.538490418 -51.705783552 970.0241
-23.538188024 -51.706179265 972.7925
-23.537945235 -51.706528263 971.4224
-23.537679504 -51.706907140 968.2303
-23.537371502 -51.707301428 967.0139
-23.537083242 -51.707685314 966.8637
-23.536807186 -51.708058092 966.5388
-23.536550377 -51.708402778 968.1950
-23.536267097 -51.708808047 967.6591
-23.536048775 -51.709224898 968.1138
-23.535810156 -51.709689023 969.0980
-23.535593223 -51.710094402 969.5532
-23.535374554 -51.710496411 969.7541
-23.535167706 -51.710896323 971.0129
-23.534956790 -51.711313078 970.0357
-23.534753565 -51.711701700 971.0998
-23.534548327 -51.712121770 968.6826
-23.534341036 -51.712543323 966.9923
-23.534123179 -51.712953169 969.8321
-23.533901604 -51.713365627 969.0724
-23.533664722 -51.713809120 967.8899
-23.533442953 -51.714222135 968.4269
-23.533224222 -51.714640284 967.7450
-23.533010569 -51.715063494 967.6110
-23.532816079 -51.715449978 969.1943
-23.532592278 -51.715869473 972.1053
-23.532344220 -51.716308936 971.6939
-23.532115276 -51.716722111 970.6215
-23.531904096 -51.717117474 971.1663
-23.531669140 -51.717571514 966.0950
-23.531402021 -51.717952583 963.9214
-23.531025483 -51.718229071 964.7548
-23.530656636 -51.718476847 964.9958
-23.530297789 -51.718728674 965.5331
-23.529933815 -51.718994472 966.7342
-23.529562713 -51.719197194 965.9469
-23.529061064 -51.719268797 965.3944
-23.528666308 -51.719299261 968.4000
-23.528242538 -51.719345827 971.7404
-23.527799115 -51.719420414 974.2886
-23.527354068 -51.719495139 977.2390
-23.526943290 -51.719560392 977.7517
-23.526502465 -51.719487453 977.1432
-23.526083289 -51.719370733 974.9193
-23.525633289 -51.719276876 971.9591
-23.525201445 -51.719204818 969.3682
-23.524717171 -51.719124613 967.8042
-23.524315235 -51.719049814 967.3698
-23.523886819 -51.718964544 970.9050
-23.523449071 -51.718883353 971.2378
-23.523023442 -51.718786944 969.5279
-23.522595824 -51.718693132 967.8486
-23.522162532 -51.718613807 967.5998
-23.521750078 -51.718563612 967.6715
-23.521314082 -51.718516831 965.9189
-23.520907459 -51.718431791 966.8171
-23.520441795 -51.718345989 964.9057
-23.520035250 -51.718275780 962.4332
-23.519580979 -51.718196606 960.2143
-23.519120466 -51.718117767 959.1932
-23.518718686 -51.718050562 959.2102
-23.518243419 -51.717972686 960.9855
-23.517832759 -51.717898135 964.4989
-23.517405695 -51.717826639 966.6462
-23.516966306 -51.717750589 967.3968
-23.516504564 -51.717662209 967.7327
-23.516082871 -51.717574965 967.6294
-23.515666476 -51.717501886 965.3102
-23.515187505 -51.717422918 965.1394
-23.514787922 -51.717355691 967.0163
-23.514336709 -51.717265316 968.3969
-23.513951840 -51.717189254 968.4815
-23.513523398 -51.717125156 970.2440
-23.513100028 -51.717153151 971.1079
-23.512657772 -51.717220035 971.3745
-23.512237606 -51.717278422 970.4583
-23.511771862 -51.717330610 968.9031
-23.511376556 -51.717374037 967.0604
-23.510933355 -51.717418983 966.3441
-23.510501328 -51.717461681 966.2290
-23.510050859 -51.717500484 967.0488
-23.509620288 -51.717545281 967.1768
-23.509167497 -51.717586408 966.1447
-23.508724309 -51.717620201 965.7640
-23.508267415 -51.717673702 965.9810
-23.507922325 -51.717916393 966.7921
-23.507744126 -51.718372054 967.1681
-23.507881606 -51.718793173 967.2098
-23.508301029 -51.718891763 966.5532
-23.508631776 -51.718567224 965.7594
-23.508911370 -51.718207798 966.4205
-23.509267496 -51.717925404 968.3032
-23.509709405 -51.717838469 967.8541
-23.510178724 -51.717809675 968.5622
-23.510587106 -51.717786504 969.6447
-23.511008872 -51.717755221 969.3359
-23.511457362 -51.717714695 970.2051
-23.511885642 -51.717673763 968.8640
-23.512331834 -51.717632788 970.3328
-23.512771183 -51.717598176 969.7745
-23.513233840 -51.717554984 970.3991
-23.513648939 -51.717529763 969.3724
-23.514095295 -51.717525693 966.7729
-23.514542549 -51.717617362 967.6688
-23.514942211 -51.717715647 968.0906
-23.515384608 -51.717791120 969.2624
-23.515803453 -51.717864671 967.0915
-23.516248750 -51.717933624 966.1516
-23.516712563 -51.718003260 964.5170
-23.517124940 -51.718070847 964.0229
-23.517541534 -51.718156383 966.3992
-23.517959115 -51.718248598 966.5504
-23.518387024 -51.718319361 966.3517
-23.518893322 -51.718423111 969.2220
-23.519273720 -51.718491955 968.8780
-23.519693261 -51.718576159 970.1986
-23.520090343 -51.718652179 969.6907
-23.520557703 -51.718727022 968.2864
-23.520958845 -51.718784608 967.0780
-23.521394131 -51.718865447 968.4715
-23.521821885 -51.718950816 968.9527
-23.522286196 -51.719031649 970.5768
-23.522687756 -51.719112569 970.8687
-23.523122881 -51.719197454 969.8613
-23.523541410 -51.719267839 970.3108
-23.523987831 -51.719355830 969.7652
-23.524404028 -51.719437118 970.8495
-23.524827947 -51.719507199 975.3978
-23.525248068 -51.719608283 975.5719
-23.525683797 -51.719687128 966.8824
-23.526140723 -51.719740144 962.3066
-23.526595531 -51.719818855 962.6767
-23.527004052 -51.719917592 962.9110
-23.527432281 -51.719904697 965.2751
-23.527882995 -51.719780987 966.8197
-23.528293782 -51.719683831 967.7378
-23.528715651 -51.719597059 967.4477
-23.529153831 -51.719512789 966.0516
-23.529560209 -51.719435261 965.4059
-23.529999489 -51.719329887 965.5429
-23.530369362 -51.719084828 968.7741
-23.530715767 -51.718799294 969.2561
-23.531074537 -51.718512700 968.1459
-23.531433913 -51.718244685 968.4059
-23.531808984 -51.717971761 964.1526
-23.532086355 -51.717596532 969.5290
-23.532277914 -51.717172137 969.6822
-23.532477941 -51.716769661 969.6514
-23.532682969 -51.716366027 969.3256
-23.532911415 -51.715964566 968.6638
-23.533119243 -51.715537921 967.2090
-23.533321951 -51.715144136 967.9770
-23.533547363 -51.714740131 970.9539
-23.533752981 -51.714332638 970.4191
-23.533989827 -51.713907728 967.8967
-23.534197435 -51.713478612 965.5431
-23.534404059 -51.713059826 968.4711
-23.534632112 -51.712645607 965.2866
-23.534856445 -51.712210794 964.4310
-23.535052614 -51.711819161 962.8987
-23.535265997 -51.711397052 964.9750
-23.535491254 -51.710989381 966.1609
-23.535705332 -51.710598385 965.7500
-23.535918806 -51.710191768 966.1013
-23.536146540 -51.709762816 966.4092
-23.536369649 -51.709345829 966.2898
-23.536576083 -51.708938960 966.1939
-23.536800005 -51.708555819 966.0637
-23.537103403 -51.708186849 967.6460
-23.537368069 -51.707848856 967.7230
-23.537639794 -51.707473697 967.0627
-23.537931317 -51.707093874 966.4029
-23.538199289 -51.706723543 967.6831
-23.538463507 -51.706368046 967.7106
-23.538745642 -51.705988895 966.7437
-23.539020526 -51.705619003 967.2773
-23.539299707 -51.705245956 967.1147
-23.539575120 -51.704866569 967.5319
-23.539846394 -51.704510611 966.9228
-23.540169432 -51.704071560 965.6330
-23.540389250 -51.703754994 965.1059
-23.540668562 -51.703380423 966.4600
-23.540949003 -51.703013945 967.1589
-23.541226954 -51.702647229 966.9460
-23.541494253 -51.702280678 967.8333
-23.541773094 -51.701902124 967.6132
-23.542056528 -51.701532600 967.8918
-23.542341126 -51.701174450 966.8742
-23.542624831 -51.700813555 967.7304
-23.542907283 -51.700448248 966.8863
-23.543200752 -51.700074238 967.9238
-23.543491202 -51.699718209 968.1243
-23.543775565 -51.699346008 969.6157
-23.544059413 -51.698987737 972.3431
-23.544325473 -51.698637558 972.0708
-23.544607329 -51.698286026 972.3474
-23.544829296 -51.697885789 971.8317
-23.545009748 -51.697457215 967.6588
-23.545219044 -51.697048717 965.7016
-23.545430242 -51.696631042 966.5907
-23.545628065 -51.696191332 965.7189
-23.545841725 -51.695767132 964.3067
-23.546049116 -51.695331107 965.8814
-23.546260045 -51.694931443 969.1666
-23.546480360 -51.694516621 968.1084
-23.546693915 -51.694098323 963.9749
-23.546895903 -51.693681867 961.6192
-23.547087424 -51.693279214 962.3833
-23.547303601 -51.692850168 965.1101
-23.547468448 -51.692424474 968.6279
-23.547579281 -51.691962336 966.0758
-23.547633900 -51.691467867 967.8728
-23.547734176 -51.691022250 967.1206
-23.547852071 -51.690552641 967.8867
-23.547968443 -51.690078940 967.9705
-23.548092819 -51.689591392 970.4969
-23.548204780 -51.689146459 970.4554
-23.548292065 -51.688679314 969.5262
-23.548323481 -51.688207834 969.7936
-23.548357293 -51.687762436 969.9752
-23.548393735 -51.687285524 971.0143
-23.548455030 -51.686799149 974.0146
-23.548504768 -51.686330318 975.0931
-23.548558648 -51.685840631 972.3653
-23.548598618 -51.685370663 968.9697
-23.548633538 -51.684905460 965.6952
-23.548679952 -51.684368502 965.0786
-23.548723003 -51.683936086 963.3306
-23.548754477 -51.683474194 962.6695
-23.548798829 -51.682993159 962.9131
-23.548847343 -51.682516305 964.8753
-23.548911605 -51.682057559 966.1148
-23.548973791 -51.681576538 967.5611
-23.549023994 -51.681116512 970.2489
-23.549077234 -51.680652350 968.7599
-23.549117183 -51.680204414 967.8824
-23.549161816 -51.679709307 966.7760
-23.549215831 -51.679236212 966.6160
-23.549262071 -51.678717689 968.4490
-23.549309166 -51.678286053 972.4185
-23.549358576 -51.677813271 970.8035
-23.549414087 -51.677355247 971.4567
-23.549467525 -51.676867452 968.3030
-23.549508607 -51.676411286 965.4527
-23.549529396 -51.675912550 963.8561
-23.549591643 -51.675418119 964.2458
-23.549644650 -51.674931549 963.3741
-23.549693535 -51.674487415 963.1911
-23.549759023 -51.674011894 963.7544
-23.549790944 -51.673535172 964.6123
-23.549822330 -51.673063941 967.3568
-23.549874437 -51.672580787 969.6422
-23.549940874 -51.672120098 967.3295
-23.549991642 -51.671651031 965.2971
-23.550038345 -51.671168651 966.1737
-23.550088642 -51.670697773 966.8927
-23.550152456 -51.670213667 967.7719
-23.550208811 -51.669742436 967.7984
-23.550270221 -51.669250094 966.9562
-23.550316459 -51.668792558 967.5632
-23.550361785 -51.668296000 966.8949
-23.550414264 -51.667833803 966.5325
-23.550609321 -51.667407711 966.9901
-23.551033350 -51.667254233 967.9575
-23.551442347 -51.667098330 967.1014
-23.551813760 -51.666935273 967.0197
-23.552218156 -51.666754567 966.8287
-23.552616024 -51.666585123 966.1596
-23.553056510 -51.666404467 965.2764
-23.553432832 -51.666232941 965.1031
-23.553858208 -51.666073853 968.3959
-23.554263801 -51.665915115 972.0265
-23.554665306 -51.665738277 973.1049
-23.555057538 -51.665559006 972.4764
-23.555472759 -51.665354481 968.4224
-23.555881514 -51.665149342 963.6860
-23.556300512 -51.664930155 963.3114
-23.556688159 -51.664738472 964.3434
-23.557102105 -51.664539014 965.1205
-23.557490327 -51.664359909 966.4650
-23.557887864 -51.664180821 965.9204
-23.558300652 -51.663985572 966.6584
-23.558686417 -51.663804053 966.9875
-23.559077660 -51.663623386 967.8332
-23.559504035 -51.663428217 967.3410
-23.559882821 -51.663245975 966.4325
-23.560293729 -51.663057603 967.8920
-23.560693976 -51.662885261 968.0928
-23.561070730 -51.662603598 969.4782
-23.561036623 -51.662144662 967.3849
-23.560725043 -51.661755612 964.6440
-23.560460830 -51.661391162 965.7678
-23.560256715 -51.661024438 968.5743
-23.560063036 -51.660602067 973.7913
-23.559871674 -51.660191268 973.3101
-23.559995872 -51.659775204 970.3369
-23.560430066 -51.659961899 965.1788
-23.560577893 -51.660423321 961.2828
-23.560700425 -51.660874876 961.7482
-23.560867082 -51.661332464 964.8772
-23.561102470 -51.661797622 965.1792
-23.561314891 -51.662156971 965.4273
-23.561529682 -51.662586941 965.8943
-23.561583657 -51.663104924 965.6974
-23.561418587 -51.663501992 965.8185
-23.561010433 -51.663696173 968.1973
-23.560637024 -51.663500949 967.1643
-23.560555319 -51.663029455 967.0895
-23.560222447 -51.662686520 966.5533
-23.559799890 -51.662739152 967.1287
-23.559466987 -51.663102878 969.1907
-23.559280354 -51.663527023 969.6720
-23.559051659 -51.663878247 967.9933
-23.558708702 -51.664166005 965.2174
-23.558288682 -51.664367284 964.4545
-23.557840385 -51.664560069 964.5110
-23.557474280 -51.664734247 964.7083
-23.557020040 -51.664958197 964.0212
-23.556649207 -51.665143368 965.0040
-23.556245954 -51.665333304 966.6323
-23.555845084 -51.665514852 967.2094
-23.555455819 -51.665690793 965.2455
-23.555025269 -51.665895365 964.9010
-23.554590602 -51.666109590 966.3233
-23.554201376 -51.666274169 966.3907
-23.553789805 -51.666438644 966.7624
-23.553374854 -51.666610573 965.7691
-23.552932723 -51.666799808 965.3884
-23.552537083 -51.666972986 966.5563
-23.552112192 -51.667150546 970.0822
-23.551728668 -51.667288205 971.0269
-23.551322757 -51.667442656 971.9139
-23.550918058 -51.667603819 972.6217
-23.550568919 -51.667851357 973.5330
-23.550406657 -51.668316778 973.6847
-23.550470907 -51.668825427 969.3473
-23.550518353 -51.669291872 965.2102
-23.550519792 -51.669760195 962.5149
-23.550490252 -51.670239792 957.5740
-23.550443827 -51.670729798 955.5858
-23.550390887 -51.671206801 957.8378
-23.550335983 -51.671670365 960.3129
-23.550275345 -51.672161233 963.4301
-23.550224381 -51.672600482 965.6514
-23.550171398 -51.673079651 967.2034
-23.550117765 -51.673532698 967.7587
-23.550053844 -51.673999594 968.3306
-23.550006658 -51.674489566 967.8299
-23.549962540 -51.674958799 966.7836
-23.549898882 -51.675458846 967.2016
-23.549863333 -51.675911512 966.6329
-23.549816604 -51.676386805 966.6184
-23.549760759 -51.676888626 966.0143
-23.549718835 -51.677326470 965.3053
-23.549670334 -51.677823789 964.7811
-23.549624630 -51.678305297 964.6111
-23.549569122 -51.678817082 966.2128
-23.549510783 -51.679330899 969.0634
-23.549449544 -51.679769081 970.8712
-23.549398963 -51.680266414 970.1198
-23.549347358 -51.680763011 971.0603
-23.549284173 -51.681208519 971.8475
-23.549239906 -51.681689266 970.8191
-23.549186357 -51.682171654 971.8440
-23.549130764 -51.682661877 973.4657
-23.549085221 -51.683137976 971.7092
-23.549039071 -51.683625776 969.5960
-23.548980066 -51.684098903 970.6572
-23.548926720 -51.684610396 968.9989
-23.548896865 -51.685076437 970.0640
-23.548870579 -51.685549104 967.7367
-23.548830513 -51.685994656 966.1615
-23.548766078 -51.686474464 967.9171
-23.548721334 -51.686940270 967.3826
-23.548661150 -51.687443174 969.8282
-23.548622306 -51.687885108 969.2238
-23.548562472 -51.688368365 970.6912
-23.548532224 -51.688890274 966.9730
-23.548484877 -51.689345015 965.0006
-23.548368339 -51.689832931 964.5298
-23.548239343 -51.690269458 963.7979
-23.548124713 -51.690732209 960.6477
-23.548006465 -51.691230220 958.2169
-23.547895988 -51.691702287 959.9644
-23.547783795 -51.692189597 966.8630
-23.547682711 -51.692616784 969.5170
-23.547569368 -51.693079438 969.4691
-23.547370944 -51.693510021 966.9102
-23.547125319 -51.693958186 962.6581
-23.546908394 -51.694334527 962.7941
-23.546681287 -51.694747942 964.5565
-23.546483583 -51.695142928 965.7111
-23.546259367 -51.695583109 966.8936
-23.546047586 -51.696026122 968.2102
-23.545828921 -51.696422287 971.1165
-23.545616640 -51.696822455 970.8175
-23.545406180 -51.697246248 968.7457
-23.545186177 -51.697674725 970.6308
-23.544957640 -51.698120130 968.9846
-23.544731866 -51.698580081 970.3605
-23.544472349 -51.698968919 968.7357
-23.544176142 -51.699309396 968.3399
-23.543877706 -51.699664614 967.7612
-23.543597943 -51.700020466 964.5735
-23.543326810 -51.700401291 963.8471
-23.543059555 -51.700765196 960.9398
-23.542763085 -51.701140369 960.5205
-23.542485375 -51.701496257 958.9821
-23.542219648 -51.701871628 958.5005
-23.541917616 -51.702253434 957.9402
-23.541633801 -51.702628060 957.9666
-23.541355466 -51.703006627 960.0579
-23.541077462 -51.703381543 962.7166
-23.540799940 -51.703756433 965.2051
-23.540516755 -51.704138280 964.4096
-23.540217579 -51.704528773 966.2021
-23.539932832 -51.704910472 968.7919
-23.539643043 -51.705288895 970.7006
-23.539344794 -51.705675337 970.2943
-23.539054165 -51.706053600 971.2884
-23.538737617 -51.706475173 972.6019
-23.538477005 -51.706817044 974.1690
-23.538179396 -51.707188617 975.8232
-23.537885890 -51.707583560 973.1008
-23.537611987 -51.707966940 966.5464
-23.537350695 -51.708327794 963.3281
-23.537058298 -51.708744519 961.0852
-23.536818123 -51.709102634 958.8849
-23.536568612 -51.709549107 961.0938
-23.536382115 -51.709952872 962.2860
-23.536166794 -51.710402917 964.0969
-23.535963399 -51.710790140 966.7735
-23.535732716 -51.711215123 966.9672
-23.535516078 -51.711608511 966.1896
-23.535300387 -51.712011411 966.9358
-23.535082164 -51.712449486 964.9202
-23.534880834 -51.712851563 964.0057
-23.534658595 -51.713279301 964.6401
-23.534420725 -51.713702555 966.4480
-23.534182009 -51.714128858 966.4639
-23.533960091 -51.714542635 967.7997
-23.533747192 -51.714950471 966.0890
-23.533535366 -51.715389073 962.9905
-23.533353925 -51.715776023 962.6990
-23.533136426 -51.716193406 962.9070
-23.532923668 -51.716605201 963.6481
-23.532693083 -51.717023464 965.3475
-23.532475186 -51.717414677 966.3938
-23.532242134 -51.717823004 967.2948
-23.532023345 -51.718232235 965.1268
-23.531693582 -51.718557098 965.4671
-23.531296094 -51.718789178 968.2747
-23.530909688 -51.719019160 968.5581
-23.530568353 -51.719259691 968.0200
-23.530175263 -51.719518857 968.5256
-23.529809301 -51.719753286 967.9386
-23.529354017 -51.719856397 966.9068
-23.528928051 -51.719881568 968.6621
-23.528470577 -51.719943636 967.5003
-23.528023907 -51.720027980 966.8180
-23.527568881 -51.720131124 965.6732
-23.527124072 -51.720235715 965.3701
-23.526686073 -51.720247073 964.7566
-23.526275227 -51.720130210 966.4956
-23.525829930 -51.720005489 966.0967
-23.525414402 -51.719903945 967.8751
-23.524987995 -51.719817864 967.5268
-23.524579988 -51.719738235 967.0891
-23.524141148 -51.719662843 966.5911
-23.523716683 -51.719582641 966.6033
-23.523237683 -51.719491555 964.8943
-23.522826267 -51.719413177 963.5858
-23.522394117 -51.719344725 961.9720
-23.521989399 -51.719268463 962.4489
-23.521556094 -51.719187233 963.6447
-23.521146720 -51.719112697 964.2724
-23.520704253 -51.719035584 965.3526
-23.520287510 -51.718957297 965.8420
-23.519849034 -51.718875385 966.6456
-23.519433723 -51.718794713 966.1240
-23.519000344 -51.718717720 966.5599
-23.518588856 -51.718641514 967.0792
-23.518158064 -51.718562948 967.6702
-23.517718392 -51.718486137 968.0201
-23.517265125 -51.718408524 968.2655
-23.516838189 -51.718330286 966.9707
-23.516380715 -51.718252604 965.1044
-23.515898182 -51.718168514 965.4103
-23.515468213 -51.718093090 965.8118
-23.515025175 -51.718011583 966.5149
-23.514566442 -51.717925686 966.2845
-23.514090393 -51.717843950 966.3835
-23.513659069 -51.717772147 967.0666
-23.513171829 -51.717763136 966.6871
-23.512775394 -51.717827137 966.4981
-23.512352885 -51.717892930 966.0745
-23.511907800 -51.717936617 966.7565
-23.511490528 -51.717977102 967.6018
-23.511051460 -51.718026092 966.9464
-23.510639029 -51.718070636 966.6732
-23.510169244 -51.718112422 965.6959
-23.509754358 -51.718147873 964.8307
-23.509302050 -51.718192098 965.0524
-23.508871816 -51.718229990 966.0692
-23.508424833 -51.718267581 965.7818
-23.508025098 -51.718163474 965.7326
-23.507795324 -51.717775777 966.4006
-23.508023571 -51.717391536 966.6584
-23.508456795 -51.717289062 967.0888
-23.508886706 -51.717251225 966.2690
-23.509308069 -51.717238964 967.0026
-23.509753661 -51.717223986 966.7798
-23.510174926 -51.717192209 966.6280
-23.510593267 -51.717149689 964.8165
-23.511021176 -51.717103097 964.9821
-23.511449653 -51.717063706 965.3075
-23.511901168 -51.717023254 966.4629
-23.512320005 -51.716994065 966.6791
-23.512767615 -51.716952015 966.3002
-23.513190533 -51.716910147 965.0330
-23.513608734 -51.716870671 965.9673
-23.514052793 -51.716858309 965.2338
-23.514469318 -51.716949077 966.1226
-23.514899745 -51.717048963 965.4164
-23.515321194 -51.717133007 965.3803
-23.515775295 -51.717207786 965.1886
-23.516206379 -51.717275925 964.3233
-23.516660406 -51.717350609 963.6324
-23.517107180 -51.717438360 967.9883
-23.517521767 -51.717518587 971.8231
-23.517957519 -51.717607011 972.5165
-23.518394508 -51.717692110 973.7530
-23.518826830 -51.717779741 970.5338
-23.519265303 -51.717846695 966.4668
-23.519720097 -51.717917197 961.6409
-23.520159877 -51.717989457 959.1763
-23.520606614 -51.718062019 959.5784
-23.521042975 -51.718132553 962.0560
-23.521488140 -51.718212185 962.8834
-23.521941614 -51.718298409 962.9152
-23.522376752 -51.718383805 964.9820
-23.522802557 -51.718468202 965.7502
-23.523238250 -51.718551174 966.1282
-23.523662095 -51.718628595 966.2547
-23.524079723 -51.718706057 966.6882
-23.524494624 -51.718777675 966.6806
-23.524932467 -51.718867964 966.6039
-23.525367954 -51.718957668 967.7247
-23.525830716 -51.719042014 966.0484
-23.526245506 -51.719102806 964.9670
-23.526686336 -51.719182201 966.0389
-23.527093078 -51.719255989 965.9185
-23.527528785 -51.719243218 970.7525
-23.527943577 -51.719136020 973.4805
-23.528372987 -51.719046265 975.2298
-23.528788750 -51.718985297 971.4515
-23.529221722 -51.718887609 965.1181
-23.529651089 -51.718786243 963.7140
-23.530052164 -51.718603164 963.8093
-23.530405945 -51.718296884 964.7572
-23.530760394 -51.717990619 965.3179
-23.531088082 -51.717743850 966.9682
-23.531436448 -51.717474378 966.9564
-23.531710430 -51.717091102 967.0379
-23.531901040 -51.716648706 966.0339
-23.532090987 -51.716235542 966.4079
-23.532323220 -51.715780668 968.2172
-23.532544861 -51.715388488 968.7783
-23.532758369 -51.714973466 966.1625
-23.532957830 -51.714571133 966.9398
-23.533184824 -51.714106783 967.6900
-23.533402735 -51.713701717 968.3784
-23.533636617 -51.713281216 965.0220
-23.533851037 -51.712868595 963.6658
-23.534061304 -51.712449835 961.7765
-23.534261796 -51.712047781 961.9018
-23.534462701 -51.711632298 968.1970
-23.534705091 -51.711266737 969.6399
-23.534925666 -51.710861782 970.4742
-23.535145895 -51.710454589 971.4899
-23.535358027 -51.710013033 971.3090
-23.535587475 -51.709600737 968.7398
-23.535801783 -51.709208221 965.5242
-23.536028051 -51.708786846 961.9924
-23.536219531 -51.708381341 963.0579
-23.536483438 -51.707992210 965.5202
-23.536754858 -51.707653089 963.9568
-23.537055385 -51.707265560 962.7687
-23.537328628 -51.706895214 963.6633
-23.537586647 -51.706536588 967.7868
-23.537835586 -51.706188240 968.9925
-23.538148020 -51.705817273 969.2734
-23.538414768 -51.705478689 972.1681
-23.538688753 -51.705102555 967.0938
-23.538963663 -51.704718702 966.2517
-23.539223453 -51.704342369 965.0211
-23.539508573 -51.703959702 961.0306
-23.539779176 -51.703591686 959.3982
-23.540054265 -51.703219502 959.7757
-23.540316146 -51.702855458 962.4404
-23.540592859 -51.702472568 965.0137
-23.540864418 -51.702115762 965.6543
-23.541144557 -51.701750839 965.8422
-23.541419378 -51.701387495 965.6301
-23.541703386 -51.701029092 965.7909
-23.541968414 -51.700675960 970.2484
-23.542251153 -51.700313807 974.0474
-23.542543921 -51.699959217 972.4378
-23.542839017 -51.699596494 969.9152
-23.543125464 -51.699244754 964.5933
-23.543408535 -51.698867488 965.9705
-23.543668708 -51.698525745 966.3861
-23.543953219 -51.698153419 963.5666
-23.544213035 -51.697785043 962.8051
-23.544412964 -51.697359992 959.7725
-23.544603193 -51.696927357 960.3746
-23.544791181 -51.696524365 959.1917
-23.544988428 -51.696113342 961.4792
-23.545205563 -51.695688913 967.2914
-23.545415774 -51.695300257 969.0622
-23.545644364 -51.694870174 968.8456
-23.545848260 -51.694482998 971.6693
-23.546094421 -51.694058003 967.4980
-23.546302850 -51.693666112 968.8596
-23.546483621 -51.693221753 968.7992
-23.546678224 -51.692835582 966.2606
-23.546866660 -51.692402028 966.4792
-23.546964936 -51.691901960 964.4074
-23.547058759 -51.691447137 966.7365
-23.547181562 -51.690958983 970.6236
-23.547294925 -51.690526070 966.7014
-23.547385002 -51.690045515 967.1050
-23.547497854 -51.689615075 968.0432
-23.547605168 -51.689150625 966.5406
-23.547697416 -51.688703190 965.2359
-23.547743801 -51.688228395 961.5710
-23.547772195 -51.687756552 959.2917
-23.547802599 -51.687277778 956.8417
-23.547848398 -51.686800034 956.5902
-23.547895152 -51.686325220 959.0566
-23.547950217 -51.685846923 962.8136
-23.548000247 -51.685352808 965.2660
-23.548049350 -51.684883592 965.6746
-23.548105862 -51.684423497 966.5710
-23.548164976 -51.683954025 966.2405
-23.548219914 -51.683499095 967.2649
-23.548266078 -51.683028895 968.1489
-23.548306596 -51.682568698 971.0493
-23.548365952 -51.682079488 969.2726
-23.548430945 -51.681602521 971.2425
-23.548470312 -51.681118417 966.2555
-23.548507889 -51.680632069 964.8635
-23.548533909 -51.680142470 967.6084
-23.548598425 -51.679668872 968.4952
-23.548643358 -51.679192438 971.7526
-23.548712752 -51.678729646 969.8569
-23.548762132 -51.678261736 970.1612
-23.548817187 -51.677777965 967.9870
-23.548862129 -51.677293788 966.8979
-23.548897929 -51.676831834 964.8654
-23.548945586 -51.676350759 964.0620
-23.549000991 -51.675874039 963.3262
-23.549048612 -51.675411000 962.7756
-23.549086610 -51.674944659 960.5702
-23.549128535 -51.674420497 961.1810
-23.549171317 -51.673971453 962.3450
-23.549226219 -51.673488733 963.0738
-23.549279562 -51.672994464 963.8322
-23.549342206 -51.672542735 964.9633
-23.549394938 -51.672076158 967.5452
-23.549454806 -51.671573185 967.1082
